60
# x y z
-0.02	0.074	0.05
-0.02	0.074	0.09
-0.02	0.074	0.13
-0.02	0.074	0.17
-0.02	0.074	0.21
-0.02	0.074	0.25
-0.02	0.074	0.29
-0.02	0.074	0.33
-0.02	0.074	0.37
-0.02	0.074	0.41
-0.074	0.02	0.05
-0.074	0.02	0.09
-0.074	0.02	0.13
-0.074	0.02	0.17
-0.074	0.02	0.21
-0.074	0.02	0.25
-0.074	0.02	0.29
-0.074	0.02	0.33
-0.074	0.02	0.37
-0.074	0.02	0.41
-0.054	-0.054	0.05
-0.054	-0.054	0.09
-0.054	-0.054	0.13
-0.054	-0.054	0.17
-0.054	-0.054	0.21
-0.054	-0.054	0.25
-0.054	-0.054	0.29
-0.054	-0.054	0.33
-0.054	-0.054	0.37
-0.054	-0.054	0.41
0.02	-0.074	0.05
0.02	-0.074	0.09
0.02	-0.074	0.13
0.02	-0.074	0.17
0.02	-0.074	0.21
0.02	-0.074	0.25
0.02	-0.074	0.29
0.02	-0.074	0.33
0.02	-0.074	0.37
0.02	-0.074	0.41
0.074	-0.02	0.05
0.074	-0.02	0.09
0.074	-0.02	0.13
0.074	-0.02	0.17
0.074	-0.02	0.21
0.074	-0.02	0.25
0.074	-0.02	0.29
0.074	-0.02	0.33
0.074	-0.02	0.37
0.074	-0.02	0.41
0.054	0.054	0.05
0.054	0.054	0.09
0.054	0.054	0.13
0.054	0.054	0.17
0.054	0.054	0.21
0.054	0.054	0.25
0.054	0.054	0.29
0.054	0.054	0.33
0.054	0.054	0.37
0.054	0.054	0.41
335
# a b m n err i ip iperr k r rhoa u valid 
5	15	6	16	7.00956800459264e-02	0.00000000000000e+00	0.00000000000000e+00	0.00000000000000e+00	2.26132000000000e-01	4.62185000000000e+02	1.04515000000000e+02	0.00000000000000e+00	1
5	25	6	26	7.01149947389907e-02	0.00000000000000e+00	0.00000000000000e+00	0.00000000000000e+00	1.63552000000000e-01	5.31701000000000e+02	8.69605000000000e+01	0.00000000000000e+00	1
7	17	6	16	7.01292300216848e-02	0.00000000000000e+00	0.00000000000000e+00	0.00000000000000e+00	2.37488000000000e-01	3.25832000000000e+02	7.73814000000000e+01	0.00000000000000e+00	1
7	17	9	19	7.01524952802711e-02	0.00000000000000e+00	0.00000000000000e+00	0.00000000000000e+00	9.15336000000000e-01	7.16412000000000e+01	6.55758000000000e+01	0.00000000000000e+00	1
7	27	6	26	7.01717764432657e-02	0.00000000000000e+00	0.00000000000000e+00	0.00000000000000e+00	1.62197000000000e-01	3.58917000000000e+02	5.82152000000000e+01	0.00000000000000e+00	1
7	27	8	28	7.02071229585444e-02	0.00000000000000e+00	0.00000000000000e+00	0.00000000000000e+00	1.70824000000000e-01	2.82633000000000e+02	4.82805000000000e+01	0.00000000000000e+00	1
7	27	9	29	7.01406066332585e-02	0.00000000000000e+00	0.00000000000000e+00	0.00000000000000e+00	5.15022000000000e-01	1.38092000000000e+02	7.11204000000000e+01	0.00000000000000e+00	1
7	37	6	36	7.01066631396722e-02	0.00000000000000e+00	0.00000000000000e+00	0.00000000000000e+00	1.56551000000000e-01	5.98866000000000e+02	9.37531000000000e+01	0.00000000000000e+00	1
8	18	6	16	7.01634959354911e-02	0.00000000000000e+00	0.00000000000000e+00	0.00000000000000e+00	9.56463000000000e-01	6.39477000000000e+01	6.11636000000000e+01	0.00000000000000e+00	1
8	28	6	26	7.01567076352661e-02	0.00000000000000e+00	0.00000000000000e+00	0.00000000000000e+00	5.27408000000000e-01	1.20994000000000e+02	6.38131000000000e+01	0.00000000000000e+00	1
8	28	7	27	7.02124671472674e-02	0.00000000000000e+00	0.00000000000000e+00	0.00000000000000e+00	1.70824000000000e-01	2.75524000000000e+02	4.70661000000000e+01	0.00000000000000e+00	1
8	28	9	29	7.02033417177902e-02	0.00000000000000e+00	0.00000000000000e+00	0.00000000000000e+00	1.60205000000000e-01	3.06971000000000e+02	4.91783000000000e+01	0.00000000000000e+00	1
9	19	6	16	7.00747233368453e-02	0.00000000000000e+00	0.00000000000000e+00	0.00000000000000e+00	3.09441000000000e+00	4.32481000000000e+01	1.33827000000000e+02	0.00000000000000e+00	1
9	19	7	17	7.01552320175350e-02	0.00000000000000e+00	0.00000000000000e+00	0.00000000000000e+00	9.15336000000000e-01	7.03783000000000e+01	6.44197000000000e+01	0.00000000000000e+00	1
9	29	6	26	7.00920208703334e-02	0.00000000000000e+00	0.00000000000000e+00	0.00000000000000e+00	1.40789000000000e+00	7.71874000000000e+01	1.08671000000000e+02	0.00000000000000e+00	1
9	29	7	27	7.01409036148822e-02	0.00000000000000e+00	0.00000000000000e+00	0.00000000000000e+00	5.15022000000000e-01	1.37801000000000e+02	7.09705000000000e+01	0.00000000000000e+00	1
9	29	8	28	7.02093951411951e-02	0.00000000000000e+00	0.00000000000000e+00	0.00000000000000e+00	1.60205000000000e-01	2.98096000000000e+02	4.77566000000000e+01	0.00000000000000e+00	1
9	29	10	30	7.01612120567273e-02	0.00000000000000e+00	0.00000000000000e+00	0.00000000000000e+00	1.54638000000000e-01	4.01132000000000e+02	6.20301000000000e+01	0.00000000000000e+00	1
9	39	6	36	7.00554357527344e-02	0.00000000000000e+00	0.00000000000000e+00	0.00000000000000e+00	1.15582000000000e+00	1.56070000000000e+02	1.80389000000000e+02	0.00000000000000e+00	1
9	39	10	40	7.01095359836660e-02	0.00000000000000e+00	0.00000000000000e+00	0.00000000000000e+00	1.48082000000000e-01	6.16511000000000e+02	9.12942000000000e+01	0.00000000000000e+00	1
9	49	6	46	7.00437040015384e-02	0.00000000000000e+00	0.00000000000000e+00	0.00000000000000e+00	1.34543000000000e+00	1.70067000000000e+02	2.28812000000000e+02	0.00000000000000e+00	1
9	49	8	48	7.00629219704644e-02	0.00000000000000e+00	0.00000000000000e+00	0.00000000000000e+00	1.64223000000000e-01	9.67754000000000e+02	1.58927000000000e+02	0.00000000000000e+00	1
10	30	9	29	7.01676898542608e-02	0.00000000000000e+00	0.00000000000000e+00	0.00000000000000e+00	1.54638000000000e-01	3.85636000000000e+02	5.96339000000000e+01	0.00000000000000e+00	1
10	40	6	36	7.00508898082981e-02	0.00000000000000e+00	0.00000000000000e+00	0.00000000000000e+00	2.64106000000000e+00	7.44031000000000e+01	1.96503000000000e+02	0.00000000000000e+00	1
10	40	9	39	7.01141793643635e-02	0.00000000000000e+00	0.00000000000000e+00	0.00000000000000e+00	1.48082000000000e-01	5.91439000000000e+02	8.75815000000000e+01	0.00000000000000e+00	1
10	50	6	46	7.00400334679792e-02	0.00000000000000e+00	0.00000000000000e+00	0.00000000000000e+00	3.23080000000000e+00	7.73155000000000e+01	2.49791000000000e+02	0.00000000000000e+00	1
10	50	8	48	7.00566530510501e-02	0.00000000000000e+00	0.00000000000000e+00	0.00000000000000e+00	4.87036000000000e-01	3.62422000000000e+02	1.76513000000000e+02	0.00000000000000e+00	1
10	60	9	59	7.00201608838532e-02	0.00000000000000e+00	0.00000000000000e+00	0.00000000000000e+00	2.15184000000000e-01	2.30505000000000e+03	4.96010000000000e+02	0.00000000000000e+00	1
12	22	11	21	7.02603407339526e-02	0.00000000000000e+00	0.00000000000000e+00	0.00000000000000e+00	2.49873000000000e-01	1.53723000000000e+02	3.84112000000000e+01	0.00000000000000e+00	1
12	22	17	27	7.00661506912747e-02	0.00000000000000e+00	0.00000000000000e+00	0.00000000000000e+00	2.46780000000000e+01	6.12571000000000e+00	1.51170000000000e+02	0.00000000000000e+00	1
12	22	18	28	7.00459506031017e-02	0.00000000000000e+00	0.00000000000000e+00	0.00000000000000e+00	6.36647000000000e+01	3.41830000000000e+00	2.17625000000000e+02	0.00000000000000e+00	1
12	22	19	29	7.00301035260260e-02	0.00000000000000e+00	0.00000000000000e+00	0.00000000000000e+00	1.60029000000000e+02	2.07579000000000e+00	3.32187000000000e+02	0.00000000000000e+00	1
12	22	1	31	7.01205382757241e-02	0.00000000000000e+00	0.00000000000000e+00	0.00000000000000e+00	4.88931000000000e-01	1.69679000000000e+02	8.29612000000000e+01	0.00000000000000e+00	1
12	32	11	31	7.01936453346966e-02	0.00000000000000e+00	0.00000000000000e+00	0.00000000000000e+00	1.61362000000000e-01	3.20030000000000e+02	5.16408000000000e+01	0.00000000000000e+00	1
12	32	14	34	7.01428473476105e-02	0.00000000000000e+00	0.00000000000000e+00	0.00000000000000e+00	4.75053000000000e-01	1.47362000000000e+02	7.00048000000000e+01	0.00000000000000e+00	1
12	32	15	35	7.01036798035890e-02	0.00000000000000e+00	0.00000000000000e+00	0.00000000000000e+00	1.32665000000000e+00	7.27023000000000e+01	9.64508000000000e+01	0.00000000000000e+00	1
12	32	16	36	7.00698192379928e-02	0.00000000000000e+00	0.00000000000000e+00	0.00000000000000e+00	3.44857000000000e+00	4.15321000000000e+01	1.43227000000000e+02	0.00000000000000e+00	1
12	32	19	39	7.00266503921605e-02	0.00000000000000e+00	0.00000000000000e+00	0.00000000000000e+00	5.11298000000000e+01	7.33875000000000e+00	3.75229000000000e+02	0.00000000000000e+00	1
12	32	1	41	7.01281177453327e-02	0.00000000000000e+00	0.00000000000000e+00	0.00000000000000e+00	3.86469000000000e-01	2.01965000000000e+02	7.80532000000000e+01	0.00000000000000e+00	1
12	42	6	56	7.00322857677878e-02	0.00000000000000e+00	0.00000000000000e+00	0.00000000000000e+00	5.62221000000000e+00	5.50911000000000e+01	3.09734000000000e+02	0.00000000000000e+00	1
12	42	7	57	7.00350668022583e-02	0.00000000000000e+00	0.00000000000000e+00	0.00000000000000e+00	1.36563000000000e+01	2.08819000000000e+01	2.85170000000000e+02	0.00000000000000e+00	1
12	42	8	58	7.00213982012672e-02	0.00000000000000e+00	0.00000000000000e+00	0.00000000000000e+00	3.35209000000000e+01	1.39414000000000e+01	4.67329000000000e+02	0.00000000000000e+00	1
13	23	14	24	7.03017255685264e-02	0.00000000000000e+00	0.00000000000000e+00	0.00000000000000e+00	2.53574000000000e-01	1.30702000000000e+02	3.31427000000000e+01	0.00000000000000e+00	1
13	33	1	41	7.02274841841621e-02	0.00000000000000e+00	0.00000000000000e+00	0.00000000000000e+00	7.10161000000000e-01	6.19002000000000e+01	4.39591000000000e+01	0.00000000000000e+00	1
13	43	17	47	7.00682742988230e-02	0.00000000000000e+00	0.00000000000000e+00	0.00000000000000e+00	2.73400000000000e+00	5.35727000000000e+01	1.46468000000000e+02	0.00000000000000e+00	1
13	43	19	49	7.00436627835898e-02	0.00000000000000e+00	0.00000000000000e+00	0.00000000000000e+00	1.63174000000000e+01	1.40358000000000e+01	2.29028000000000e+02	0.00000000000000e+00	1
13	43	6	56	7.00474775193946e-02	0.00000000000000e+00	0.00000000000000e+00	0.00000000000000e+00	2.36273000000000e+00	8.91454000000000e+01	2.10626000000000e+02	0.00000000000000e+00	1
14	24	13	23	7.03157392877553e-02	0.00000000000000e+00	0.00000000000000e+00	0.00000000000000e+00	2.53574000000000e-01	1.24901000000000e+02	3.16717000000000e+01	0.00000000000000e+00	1
14	24	15	25	7.03855391958424e-02	0.00000000000000e+00	0.00000000000000e+00	0.00000000000000e+00	2.33631000000000e-01	1.11020000000000e+02	2.59377000000000e+01	0.00000000000000e+00	1
14	34	11	31	7.00901900303940e-02	0.00000000000000e+00	0.00000000000000e+00	0.00000000000000e+00	1.21976000000000e+00	9.09007000000000e+01	1.10877000000000e+02	0.00000000000000e+00	1
14	34	12	32	7.01483600282478e-02	0.00000000000000e+00	0.00000000000000e+00	0.00000000000000e+00	4.75053000000000e-01	1.41886000000000e+02	6.74036000000000e+01	0.00000000000000e+00	1
14	34	16	36	7.01713740255245e-02	0.00000000000000e+00	0.00000000000000e+00	0.00000000000000e+00	5.13335000000000e-01	1.13672000000000e+02	5.83519000000000e+01	0.00000000000000e+00	1
14	34	1	41	7.00776861943864e-02	0.00000000000000e+00	0.00000000000000e+00	0.00000000000000e+00	1.57783000000000e+00	8.15818000000000e+01	1.28723000000000e+02	0.00000000000000e+00	1
14	44	6	56	7.00745712155108e-02	0.00000000000000e+00	0.00000000000000e+00	0.00000000000000e+00	1.07657000000000e+00	1.24562000000000e+02	1.34100000000000e+02	0.00000000000000e+00	1
14	54	27	47	7.01452162851351e-02	0.00000000000000e+00	0.00000000000000e+00	0.00000000000000e+00	1.80675000000000e+00	3.81142000000000e+01	6.88628000000000e+01	0.00000000000000e+00	1
15	25	14	24	7.03961996529291e-02	0.00000000000000e+00	0.00000000000000e+00	0.00000000000000e+00	2.33631000000000e-01	1.08033000000000e+02	2.52398000000000e+01	0.00000000000000e+00	1
15	25	16	26	7.04261284947863e-02	0.00000000000000e+00	0.00000000000000e+00	0.00000000000000e+00	2.42448000000000e-01	9.67925000000000e+01	2.34671000000000e+01	0.00000000000000e+00	1
15	25	17	27	7.02959665676165e-02	0.00000000000000e+00	0.00000000000000e+00	0.00000000000000e+00	9.63863000000000e-01	3.50544000000000e+01	3.37876000000000e+01	0.00000000000000e+00	1
15	35	11	31	7.00626633162680e-02	0.00000000000000e+00	0.00000000000000e+00	0.00000000000000e+00	3.25802000000000e+00	4.89816000000000e+01	1.59583000000000e+02	0.00000000000000e+00	1
15	35	12	32	7.01053884036924e-02	0.00000000000000e+00	0.00000000000000e+00	0.00000000000000e+00	1.32665000000000e+00	7.15236000000000e+01	9.48871000000000e+01	0.00000000000000e+00	1
15	35	16	36	7.02789299132807e-02	0.00000000000000e+00	0.00000000000000e+00	0.00000000000000e+00	1.67299000000000e-01	2.14295000000000e+02	3.58513000000000e+01	0.00000000000000e+00	1
15	35	1	41	7.00527490149122e-02	0.00000000000000e+00	0.00000000000000e+00	0.00000000000000e+00	3.78879000000000e+00	5.00363000000000e+01	1.89577000000000e+02	0.00000000000000e+00	1
15	45	6	56	7.01015798717453e-02	0.00000000000000e+00	0.00000000000000e+00	0.00000000000000e+00	5.87752000000000e-01	1.67494000000000e+02	9.84447000000000e+01	0.00000000000000e+00	1
15	55	27	47	7.01919724788254e-02	0.00000000000000e+00	0.00000000000000e+00	0.00000000000000e+00	8.37474000000000e-01	6.21999000000000e+01	5.20908000000000e+01	0.00000000000000e+00	1
16	26	15	25	7.04385195579723e-02	0.00000000000000e+00	0.00000000000000e+00	0.00000000000000e+00	2.42448000000000e-01	9.40573000000000e+01	2.28040000000000e+01	0.00000000000000e+00	1
16	26	17	27	7.04883790211908e-02	0.00000000000000e+00	0.00000000000000e+00	0.00000000000000e+00	2.29832000000000e-01	8.90907000000000e+01	2.04759000000000e+01	0.00000000000000e+00	1
16	26	18	28	7.02952229966906e-02	0.00000000000000e+00	0.00000000000000e+00	0.00000000000000e+00	1.00080000000000e+00	3.38458000000000e+01	3.38727000000000e+01	0.00000000000000e+00	1
16	26	6	36	7.02565562961481e-02	0.00000000000000e+00	0.00000000000000e+00	0.00000000000000e+00	4.31402000000000e-01	9.03513000000000e+01	3.89778000000000e+01	0.00000000000000e+00	1
16	36	12	32	7.00732987363298e-02	0.00000000000000e+00	0.00000000000000e+00	0.00000000000000e+00	3.44857000000000e+00	3.95606000000000e+01	1.36428000000000e+02	0.00000000000000e+00	1
16	36	14	34	7.01785634569885e-02	0.00000000000000e+00	0.00000000000000e+00	0.00000000000000e+00	5.13335000000000e-01	1.09095000000000e+02	5.60025000000000e+01	0.00000000000000e+00	1
16	36	15	35	7.02887778056930e-02	0.00000000000000e+00	0.00000000000000e+00	0.00000000000000e+00	1.67299000000000e-01	2.06987000000000e+02	3.46287000000000e+01	0.00000000000000e+00	1
16	36	17	37	7.05384188791196e-02	0.00000000000000e+00	0.00000000000000e+00	0.00000000000000e+00	1.69961000000000e-01	1.09277000000000e+02	1.85729000000000e+01	0.00000000000000e+00	1
16	36	1	41	7.00310961711285e-02	0.00000000000000e+00	0.00000000000000e+00	0.00000000000000e+00	9.11673000000000e+00	3.52739000000000e+01	3.21583000000000e+02	0.00000000000000e+00	1
16	36	6	46	7.01569622160554e-02	0.00000000000000e+00	0.00000000000000e+00	0.00000000000000e+00	3.51224000000000e-01	1.81393000000000e+02	6.37096000000000e+01	0.00000000000000e+00	1
16	46	18	48	7.01388042568490e-02	0.00000000000000e+00	0.00000000000000e+00	0.00000000000000e+00	4.45358000000000e-01	1.61766000000000e+02	7.20439000000000e+01	0.00000000000000e+00	1
16	46	27	37	7.03620394405767e-02	0.00000000000000e+00	0.00000000000000e+00	0.00000000000000e+00	5.66284000000000e-01	4.87764000000000e+01	2.76213000000000e+01	0.00000000000000e+00	1
16	46	6	56	7.01685868711288e-02	0.00000000000000e+00	0.00000000000000e+00	0.00000000000000e+00	4.32932000000000e-01	1.37011000000000e+02	5.93166000000000e+01	0.00000000000000e+00	1
16	56	17	57	7.01984875250591e-02	0.00000000000000e+00	0.00000000000000e+00	0.00000000000000e+00	1.62057000000000e-01	3.10885000000000e+02	5.03810000000000e+01	0.00000000000000e+00	1
17	27	12	22	7.00679550952731e-02	0.00000000000000e+00	0.00000000000000e+00	0.00000000000000e+00	2.46780000000000e+01	5.96306000000000e+00	1.47156000000000e+02	0.00000000000000e+00	1
17	27	15	25	7.03049561473060e-02	0.00000000000000e+00	0.00000000000000e+00	0.00000000000000e+00	9.63863000000000e-01	3.40210000000000e+01	3.27916000000000e+01	0.00000000000000e+00	1
17	27	16	26	7.05017234199475e-02	0.00000000000000e+00	0.00000000000000e+00	0.00000000000000e+00	2.29832000000000e-01	8.67214000000000e+01	1.99313000000000e+01	0.00000000000000e+00	1
17	27	18	28	7.04889712533800e-02	0.00000000000000e+00	0.00000000000000e+00	0.00000000000000e+00	2.46619000000000e-01	8.29261000000000e+01	2.04511000000000e+01	0.00000000000000e+00	1
17	27	4	34	7.01304241785559e-02	0.00000000000000e+00	0.00000000000000e+00	0.00000000000000e+00	2.37142000000000e+00	3.23321000000000e+01	7.66729000000000e+01	0.00000000000000e+00	1
17	27	6	36	7.02444802472184e-02	0.00000000000000e+00	0.00000000000000e+00	0.00000000000000e+00	5.75713000000000e-01	7.10477000000000e+01	4.09031000000000e+01	0.00000000000000e+00	1
17	37	16	36	7.05433188086105e-02	0.00000000000000e+00	0.00000000000000e+00	0.00000000000000e+00	1.69961000000000e-01	1.08292000000000e+02	1.84054000000000e+01	0.00000000000000e+00	1
17	37	18	38	7.04208736495217e-02	0.00000000000000e+00	0.00000000000000e+00	0.00000000000000e+00	1.61156000000000e-01	1.47436000000000e+02	2.37601000000000e+01	0.00000000000000e+00	1
17	37	1	41	7.00247584810177e-02	0.00000000000000e+00	0.00000000000000e+00	0.00000000000000e+00	2.11619000000000e+01	1.90863000000000e+01	4.03902000000000e+02	0.00000000000000e+00	1
17	37	6	46	7.02747215010783e-02	0.00000000000000e+00	0.00000000000000e+00	0.00000000000000e+00	4.43311000000000e-01	8.21104000000000e+01	3.64005000000000e+01	0.00000000000000e+00	1
17	47	13	43	7.00671699938204e-02	0.00000000000000e+00	0.00000000000000e+00	0.00000000000000e+00	2.73400000000000e+00	5.44535000000000e+01	1.48876000000000e+02	0.00000000000000e+00	1
17	57	16	56	7.02062625433409e-02	0.00000000000000e+00	0.00000000000000e+00	0.00000000000000e+00	1.62057000000000e-01	2.99166000000000e+02	4.84819000000000e+01	0.00000000000000e+00	1
18	28	12	22	7.00452568552822e-02	0.00000000000000e+00	0.00000000000000e+00	0.00000000000000e+00	6.36647000000000e+01	3.47071000000000e+00	2.20961000000000e+02	0.00000000000000e+00	1
18	28	16	26	7.03092222442114e-02	0.00000000000000e+00	0.00000000000000e+00	0.00000000000000e+00	1.00080000000000e+00	3.23135000000000e+01	3.23392000000000e+01	0.00000000000000e+00	1
18	28	17	27	7.04957759885773e-02	0.00000000000000e+00	0.00000000000000e+00	0.00000000000000e+00	2.46619000000000e-01	8.17880000000000e+01	2.01704000000000e+01	0.00000000000000e+00	1
18	28	19	29	7.04688012751395e-02	0.00000000000000e+00	0.00000000000000e+00	0.00000000000000e+00	2.29268000000000e-01	9.30393000000000e+01	2.13310000000000e+01	0.00000000000000e+00	1
18	28	6	36	7.01874217514188e-02	0.00000000000000e+00	0.00000000000000e+00	0.00000000000000e+00	1.11085000000000e+00	4.80315000000000e+01	5.33556000000000e+01	0.00000000000000e+00	1
18	38	17	37	7.04337246975855e-02	0.00000000000000e+00	0.00000000000000e+00	0.00000000000000e+00	1.61156000000000e-01	1.43067000000000e+02	2.30561000000000e+01	0.00000000000000e+00	1
18	38	1	41	7.00128105928230e-02	0.00000000000000e+00	0.00000000000000e+00	0.00000000000000e+00	5.11215000000000e+01	1.52696000000000e+01	7.80604000000000e+02	0.00000000000000e+00	1
18	38	6	46	7.01289753424940e-02	0.00000000000000e+00	0.00000000000000e+00	0.00000000000000e+00	8.28360000000000e-01	9.35997000000000e+01	7.75342000000000e+01	0.00000000000000e+00	1
18	48	16	46	7.01390066584189e-02	0.00000000000000e+00	0.00000000000000e+00	0.00000000000000e+00	4.45358000000000e-01	1.61531000000000e+02	7.19390000000000e+01	0.00000000000000e+00	1
18	58	30	50	7.01675617255507e-02	0.00000000000000e+00	0.00000000000000e+00	0.00000000000000e+00	7.50411000000000e-01	7.95291000000000e+01	5.96795000000000e+01	0.00000000000000e+00	1
19	29	12	22	7.00309847895668e-02	0.00000000000000e+00	0.00000000000000e+00	0.00000000000000e+00	1.60029000000000e+02	2.01675000000000e+00	3.22739000000000e+02	0.00000000000000e+00	1
19	29	18	28	7.04898982971135e-02	0.00000000000000e+00	0.00000000000000e+00	0.00000000000000e+00	2.29268000000000e-01	8.90330000000000e+01	2.04124000000000e+01	0.00000000000000e+00	1
19	29	20	30	7.04305538213804e-02	0.00000000000000e+00	0.00000000000000e+00	0.00000000000000e+00	2.33711000000000e-01	9.93788000000000e+01	2.32259000000000e+01	0.00000000000000e+00	1
19	29	6	36	7.01396334064547e-02	0.00000000000000e+00	0.00000000000000e+00	0.00000000000000e+00	2.53159000000000e+00	2.82889000000000e+01	7.16161000000000e+01	0.00000000000000e+00	1
19	29	7	37	7.01277569959731e-02	0.00000000000000e+00	0.00000000000000e+00	0.00000000000000e+00	1.06882000000000e+00	7.32336000000000e+01	7.82736000000000e+01	0.00000000000000e+00	1
19	39	12	32	7.00276157652881e-02	0.00000000000000e+00	0.00000000000000e+00	0.00000000000000e+00	5.11298000000000e+01	7.08221000000000e+00	3.62112000000000e+02	0.00000000000000e+00	1
19	39	20	40	7.02399854088872e-02	0.00000000000000e+00	0.00000000000000e+00	0.00000000000000e+00	1.65978000000000e-01	2.51052000000000e+02	4.16692000000000e+01	0.00000000000000e+00	1
19	39	6	46	7.01119857195810e-02	0.00000000000000e+00	0.00000000000000e+00	0.00000000000000e+00	1.76852000000000e+00	5.04924000000000e+01	8.92971000000000e+01	0.00000000000000e+00	1
19	49	13	43	7.00424462630310e-02	0.00000000000000e+00	0.00000000000000e+00	0.00000000000000e+00	1.63174000000000e+01	1.44380000000000e+01	2.35592000000000e+02	0.00000000000000e+00	1
20	10	23	53	7.00377562231695e-02	0.00000000000000e+00	0.00000000000000e+00	0.00000000000000e+00	7.98522000000000e+01	3.31684000000000e+00	2.64857000000000e+02	0.00000000000000e+00	1
20	10	24	54	7.00472940697966e-02	0.00000000000000e+00	0.00000000000000e+00	0.00000000000000e+00	3.18970000000000e+01	6.62892000000000e+00	2.11443000000000e+02	0.00000000000000e+00	1
20	30	19	29	7.04470512499553e-02	0.00000000000000e+00	0.00000000000000e+00	0.00000000000000e+00	2.33711000000000e-01	9.57113000000000e+01	2.23688000000000e+01	0.00000000000000e+00	1
20	30	6	36	7.01042028120171e-02	0.00000000000000e+00	0.00000000000000e+00	0.00000000000000e+00	5.34707000000000e+00	1.79475000000000e+01	9.59667000000000e+01	0.00000000000000e+00	1
20	40	19	39	7.02512865873271e-02	0.00000000000000e+00	0.00000000000000e+00	0.00000000000000e+00	1.65978000000000e-01	2.39762000000000e+02	3.97952000000000e+01	0.00000000000000e+00	1
20	40	6	46	7.00810300540470e-02	0.00000000000000e+00	0.00000000000000e+00	0.00000000000000e+00	3.68808000000000e+00	3.34622000000000e+01	1.23411000000000e+02	0.00000000000000e+00	1
21	31	22	32	7.03920215768676e-02	0.00000000000000e+00	0.00000000000000e+00	0.00000000000000e+00	2.26773000000000e-01	1.12486000000000e+02	2.55088000000000e+01	0.00000000000000e+00	1
22	32	21	31	7.03992621635218e-02	0.00000000000000e+00	0.00000000000000e+00	0.00000000000000e+00	2.26773000000000e-01	1.10446000000000e+02	2.50462000000000e+01	0.00000000000000e+00	1
22	52	23	53	7.02138086156320e-02	0.00000000000000e+00	0.00000000000000e+00	0.00000000000000e+00	1.89579000000000e-01	2.46709000000000e+02	4.67708000000000e+01	0.00000000000000e+00	1
23	3	40	60	7.00345563994996e-02	0.00000000000000e+00	0.00000000000000e+00	0.00000000000000e+00	5.04397000000000e+01	5.73719000000000e+00	2.89382000000000e+02	0.00000000000000e+00	1
23	53	22	52	7.02201789614599e-02	0.00000000000000e+00	0.00000000000000e+00	0.00000000000000e+00	1.89579000000000e-01	2.39571000000000e+02	4.54176000000000e+01	0.00000000000000e+00	1
23	53	24	54	7.02678444680743e-02	0.00000000000000e+00	0.00000000000000e+00	0.00000000000000e+00	1.66318000000000e-01	2.24481000000000e+02	3.73351000000000e+01	0.00000000000000e+00	1
23	53	33	43	7.03631820559010e-02	0.00000000000000e+00	0.00000000000000e+00	0.00000000000000e+00	4.21472000000000e-01	6.53292000000000e+01	2.75344000000000e+01	0.00000000000000e+00	1
23	53	20	10	7.00383804965669e-02	0.00000000000000e+00	0.00000000000000e+00	0.00000000000000e+00	7.98522000000000e+01	3.26288000000000e+00	2.60549000000000e+02	0.00000000000000e+00	1
24	34	25	35	7.04640801930574e-02	0.00000000000000e+00	0.00000000000000e+00	0.00000000000000e+00	2.35690000000000e-01	9.14253000000000e+01	2.15480000000000e+01	0.00000000000000e+00	1
24	34	26	36	7.02962032665296e-02	0.00000000000000e+00	0.00000000000000e+00	0.00000000000000e+00	9.78110000000000e-01	3.45162000000000e+01	3.37606000000000e+01	0.00000000000000e+00	1
24	44	25	45	7.02938100106947e-02	0.00000000000000e+00	0.00000000000000e+00	0.00000000000000e+00	1.66470000000000e-01	2.04455000000000e+02	3.40356000000000e+01	0.00000000000000e+00	1
24	44	26	46	7.02045855812174e-02	0.00000000000000e+00	0.00000000000000e+00	0.00000000000000e+00	5.20825000000000e-01	9.38499000000000e+01	4.88793000000000e+01	0.00000000000000e+00	1
24	44	28	48	7.01053119339484e-02	0.00000000000000e+00	0.00000000000000e+00	0.00000000000000e+00	3.63556000000000e+00	2.61186000000000e+01	9.49560000000000e+01	0.00000000000000e+00	1
24	54	23	53	7.02719061162562e-02	0.00000000000000e+00	0.00000000000000e+00	0.00000000000000e+00	1.66318000000000e-01	2.21127000000000e+02	3.67774000000000e+01	0.00000000000000e+00	1
24	54	26	56	7.02123854711347e-02	0.00000000000000e+00	0.00000000000000e+00	0.00000000000000e+00	4.49934000000000e-01	1.04647000000000e+02	4.70842000000000e+01	0.00000000000000e+00	1
24	54	27	57	7.01560702753236e-02	0.00000000000000e+00	0.00000000000000e+00	0.00000000000000e+00	1.17703000000000e+00	5.44368000000000e+01	6.40737000000000e+01	0.00000000000000e+00	1
24	54	37	47	7.01791819269941e-02	0.00000000000000e+00	0.00000000000000e+00	0.00000000000000e+00	2.45558000000000e+00	2.27275000000000e+01	5.58092000000000e+01	0.00000000000000e+00	1
24	54	20	10	7.00493004269417e-02	0.00000000000000e+00	0.00000000000000e+00	0.00000000000000e+00	3.18970000000000e+01	6.35917000000000e+00	2.02838000000000e+02	0.00000000000000e+00	1
25	35	24	34	7.04679435285750e-02	0.00000000000000e+00	0.00000000000000e+00	0.00000000000000e+00	2.35690000000000e-01	9.06703000000000e+01	2.13701000000000e+01	0.00000000000000e+00	1
25	35	26	36	7.04426365201687e-02	0.00000000000000e+00	0.00000000000000e+00	0.00000000000000e+00	2.42293000000000e-01	9.32419000000000e+01	2.25919000000000e+01	0.00000000000000e+00	1
25	45	24	44	7.03045196811070e-02	0.00000000000000e+00	0.00000000000000e+00	0.00000000000000e+00	1.66470000000000e-01	1.97265000000000e+02	3.28386000000000e+01	0.00000000000000e+00	1
25	45	26	46	7.02929484381454e-02	0.00000000000000e+00	0.00000000000000e+00	0.00000000000000e+00	1.69832000000000e-01	2.00997000000000e+02	3.41357000000000e+01	0.00000000000000e+00	1
25	45	27	47	7.02081819676943e-02	0.00000000000000e+00	0.00000000000000e+00	0.00000000000000e+00	5.05119000000000e-01	9.50963000000000e+01	4.80349000000000e+01	0.00000000000000e+00	1
25	45	28	48	7.01420831953942e-02	0.00000000000000e+00	0.00000000000000e+00	0.00000000000000e+00	1.42665000000000e+00	4.93333000000000e+01	7.03813000000000e+01	0.00000000000000e+00	1
25	55	27	57	7.02249379733539e-02	0.00000000000000e+00	0.00000000000000e+00	0.00000000000000e+00	4.44929000000000e-01	9.99185000000000e+01	4.44567000000000e+01	0.00000000000000e+00	1
26	36	24	34	7.03077690132002e-02	0.00000000000000e+00	0.00000000000000e+00	0.00000000000000e+00	9.78110000000000e-01	3.32191000000000e+01	3.24919000000000e+01	0.00000000000000e+00	1
26	36	25	35	7.04520427813288e-02	0.00000000000000e+00	0.00000000000000e+00	0.00000000000000e+00	2.42293000000000e-01	9.13016000000000e+01	2.21218000000000e+01	0.00000000000000e+00	1
26	36	28	38	7.02447495111129e-02	0.00000000000000e+00	0.00000000000000e+00	0.00000000000000e+00	1.03130000000000e+00	3.96183000000000e+01	4.08581000000000e+01	0.00000000000000e+00	1
26	36	29	39	7.01594896331739e-02	0.00000000000000e+00	0.00000000000000e+00	0.00000000000000e+00	3.22521000000000e+00	1.94406000000000e+01	6.27000000000000e+01	0.00000000000000e+00	1
26	46	24	44	7.02104846619827e-02	0.00000000000000e+00	0.00000000000000e+00	0.00000000000000e+00	5.20825000000000e-01	9.12196000000000e+01	4.75094000000000e+01	0.00000000000000e+00	1
26	46	25	45	7.02983649600191e-02	0.00000000000000e+00	0.00000000000000e+00	0.00000000000000e+00	1.69832000000000e-01	1.97348000000000e+02	3.35160000000000e+01	0.00000000000000e+00	1
26	46	27	47	7.03310556703215e-02	0.00000000000000e+00	0.00000000000000e+00	0.00000000000000e+00	1.58733000000000e-01	1.90297000000000e+02	3.02064000000000e+01	0.00000000000000e+00	1
26	46	28	48	7.02086258441523e-02	0.00000000000000e+00	0.00000000000000e+00	0.00000000000000e+00	5.23188000000000e-01	9.16166000000000e+01	4.79327000000000e+01	0.00000000000000e+00	1
26	46	29	49	7.01427215573776e-02	0.00000000000000e+00	0.00000000000000e+00	0.00000000000000e+00	1.35877000000000e+00	5.15661000000000e+01	7.00665000000000e+01	0.00000000000000e+00	1
26	56	24	54	7.02229868192491e-02	0.00000000000000e+00	0.00000000000000e+00	0.00000000000000e+00	4.49934000000000e-01	9.96716000000000e+01	4.48457000000000e+01	0.00000000000000e+00	1
26	56	29	59	7.01389284449045e-02	0.00000000000000e+00	0.00000000000000e+00	0.00000000000000e+00	1.17720000000000e+00	6.11445000000000e+01	7.19795000000000e+01	0.00000000000000e+00	1
27	37	28	38	7.06037334878891e-02	0.00000000000000e+00	0.00000000000000e+00	0.00000000000000e+00	2.46718000000000e-01	6.71359000000000e+01	1.65636000000000e+01	0.00000000000000e+00	1
27	37	30	40	7.00307571171969e-02	0.00000000000000e+00	0.00000000000000e+00	0.00000000000000e+00	2.98285000000000e+00	1.08999000000000e+02	3.25128000000000e+02	0.00000000000000e+00	1
27	37	16	46	7.03765613173621e-02	0.00000000000000e+00	0.00000000000000e+00	0.00000000000000e+00	5.66284000000000e-01	4.68953000000000e+01	2.65561000000000e+01	0.00000000000000e+00	1
27	47	25	45	7.02154717322634e-02	0.00000000000000e+00	0.00000000000000e+00	0.00000000000000e+00	5.05119000000000e-01	9.18791000000000e+01	4.64098000000000e+01	0.00000000000000e+00	1
27	47	26	46	7.03342435900436e-02	0.00000000000000e+00	0.00000000000000e+00	0.00000000000000e+00	1.58733000000000e-01	1.88482000000000e+02	2.99183000000000e+01	0.00000000000000e+00	1
27	47	28	48	7.03345857995095e-02	0.00000000000000e+00	0.00000000000000e+00	0.00000000000000e+00	1.63674000000000e-01	1.82605000000000e+02	2.98877000000000e+01	0.00000000000000e+00	1
27	47	29	49	7.02078531060529e-02	0.00000000000000e+00	0.00000000000000e+00	0.00000000000000e+00	5.07031000000000e-01	9.48876000000000e+01	4.81109000000000e+01	0.00000000000000e+00	1
27	47	14	54	7.01525937116132e-02	0.00000000000000e+00	0.00000000000000e+00	0.00000000000000e+00	1.80675000000000e+00	3.62715000000000e+01	6.55335000000000e+01	0.00000000000000e+00	1
27	47	15	55	7.01947089782257e-02	0.00000000000000e+00	0.00000000000000e+00	0.00000000000000e+00	8.37474000000000e-01	6.13258000000000e+01	5.13587000000000e+01	0.00000000000000e+00	1
27	57	24	54	7.01601565690619e-02	0.00000000000000e+00	0.00000000000000e+00	0.00000000000000e+00	1.17703000000000e+00	5.30479000000000e+01	6.24389000000000e+01	0.00000000000000e+00	1
27	57	25	55	7.02242715659538e-02	0.00000000000000e+00	0.00000000000000e+00	0.00000000000000e+00	4.44929000000000e-01	1.00215000000000e+02	4.45888000000000e+01	0.00000000000000e+00	1
27	57	28	58	7.03018020601009e-02	0.00000000000000e+00	0.00000000000000e+00	0.00000000000000e+00	1.65055000000000e-01	2.00746000000000e+02	3.31343000000000e+01	0.00000000000000e+00	1
27	57	29	59	7.01955772168189e-02	0.00000000000000e+00	0.00000000000000e+00	0.00000000000000e+00	4.64303000000000e-01	1.10124000000000e+02	5.11307000000000e+01	0.00000000000000e+00	1
28	38	26	36	7.02568099580629e-02	0.00000000000000e+00	0.00000000000000e+00	0.00000000000000e+00	1.03130000000000e+00	3.77576000000000e+01	3.89393000000000e+01	0.00000000000000e+00	1
28	38	27	37	7.06217590807914e-02	0.00000000000000e+00	0.00000000000000e+00	0.00000000000000e+00	2.46718000000000e-01	6.51897000000000e+01	1.60834000000000e+01	0.00000000000000e+00	1
28	38	29	39	7.04236552124419e-02	0.00000000000000e+00	0.00000000000000e+00	0.00000000000000e+00	2.21053000000000e-01	1.06781000000000e+02	2.36041000000000e+01	0.00000000000000e+00	1
28	38	30	40	7.02105985843563e-02	0.00000000000000e+00	0.00000000000000e+00	0.00000000000000e+00	9.33716000000000e-01	5.08545000000000e+01	4.74837000000000e+01	0.00000000000000e+00	1
28	48	24	44	7.01105553860373e-02	0.00000000000000e+00	0.00000000000000e+00	0.00000000000000e+00	3.63556000000000e+00	2.48799000000000e+01	9.04524000000000e+01	0.00000000000000e+00	1
28	48	25	45	7.01462422327094e-02	0.00000000000000e+00	0.00000000000000e+00	0.00000000000000e+00	1.42665000000000e+00	4.79303000000000e+01	6.83797000000000e+01	0.00000000000000e+00	1
28	48	26	46	7.02103615694656e-02	0.00000000000000e+00	0.00000000000000e+00	0.00000000000000e+00	5.23188000000000e-01	9.08605000000000e+01	4.75372000000000e+01	0.00000000000000e+00	1
28	48	27	47	7.03323440558604e-02	0.00000000000000e+00	0.00000000000000e+00	0.00000000000000e+00	1.63674000000000e-01	1.83837000000000e+02	3.00893000000000e+01	0.00000000000000e+00	1
28	48	29	49	7.03072687495391e-02	0.00000000000000e+00	0.00000000000000e+00	0.00000000000000e+00	1.70925000000000e-01	1.90404000000000e+02	3.25448000000000e+01	0.00000000000000e+00	1
28	48	30	50	7.01759891027548e-02	0.00000000000000e+00	0.00000000000000e+00	0.00000000000000e+00	4.93257000000000e-01	1.15197000000000e+02	5.68217000000000e+01	0.00000000000000e+00	1
28	58	27	57	7.03058609066941e-02	0.00000000000000e+00	0.00000000000000e+00	0.00000000000000e+00	1.65055000000000e-01	1.98082000000000e+02	3.26946000000000e+01	0.00000000000000e+00	1
28	58	29	59	7.03087067656175e-02	0.00000000000000e+00	0.00000000000000e+00	0.00000000000000e+00	1.49291000000000e-01	2.16981000000000e+02	3.23932000000000e+01	0.00000000000000e+00	1
29	39	26	36	7.01654402032929e-02	0.00000000000000e+00	0.00000000000000e+00	0.00000000000000e+00	3.22521000000000e+00	1.87413000000000e+01	6.04448000000000e+01	0.00000000000000e+00	1
29	39	28	38	7.04274362799366e-02	0.00000000000000e+00	0.00000000000000e+00	0.00000000000000e+00	2.21053000000000e-01	1.05836000000000e+02	2.33953000000000e+01	0.00000000000000e+00	1
29	39	30	40	7.03234926858304e-02	0.00000000000000e+00	0.00000000000000e+00	0.00000000000000e+00	2.35965000000000e-01	1.31005000000000e+02	3.09126000000000e+01	0.00000000000000e+00	1
29	49	26	46	7.01499583115894e-02	0.00000000000000e+00	0.00000000000000e+00	0.00000000000000e+00	1.35877000000000e+00	4.90776000000000e+01	6.66852000000000e+01	0.00000000000000e+00	1
29	49	27	47	7.02143944428961e-02	0.00000000000000e+00	0.00000000000000e+00	0.00000000000000e+00	5.07031000000000e-01	9.19924000000000e+01	4.66430000000000e+01	0.00000000000000e+00	1
29	49	28	48	7.03124092060745e-02	0.00000000000000e+00	0.00000000000000e+00	0.00000000000000e+00	1.70925000000000e-01	1.87271000000000e+02	3.20093000000000e+01	0.00000000000000e+00	1
29	49	30	50	7.02722414454932e-02	0.00000000000000e+00	0.00000000000000e+00	0.00000000000000e+00	1.56521000000000e-01	2.34678000000000e+02	3.67321000000000e+01	0.00000000000000e+00	1
29	59	26	56	7.01448649713602e-02	0.00000000000000e+00	0.00000000000000e+00	0.00000000000000e+00	1.17720000000000e+00	5.86389000000000e+01	6.90298000000000e+01	0.00000000000000e+00	1
29	59	27	57	7.01987964860733e-02	0.00000000000000e+00	0.00000000000000e+00	0.00000000000000e+00	4.64303000000000e-01	1.08340000000000e+02	5.03027000000000e+01	0.00000000000000e+00	1
29	59	28	58	7.03139835723795e-02	0.00000000000000e+00	0.00000000000000e+00	0.00000000000000e+00	1.49291000000000e-01	2.13334000000000e+02	3.18488000000000e+01	0.00000000000000e+00	1
29	59	30	60	7.02655654552456e-02	0.00000000000000e+00	0.00000000000000e+00	0.00000000000000e+00	1.40990000000000e-01	2.67079000000000e+02	3.76555000000000e+01	0.00000000000000e+00	1
30	40	27	37	7.00296472862357e-02	0.00000000000000e+00	0.00000000000000e+00	0.00000000000000e+00	2.98285000000000e+00	1.13079000000000e+02	3.37299000000000e+02	0.00000000000000e+00	1
30	40	28	38	7.02172618918297e-02	0.00000000000000e+00	0.00000000000000e+00	0.00000000000000e+00	9.33716000000000e-01	4.92949000000000e+01	4.60274000000000e+01	0.00000000000000e+00	1
30	40	29	39	7.03299404457496e-02	0.00000000000000e+00	0.00000000000000e+00	0.00000000000000e+00	2.35965000000000e-01	1.28445000000000e+02	3.03085000000000e+01	0.00000000000000e+00	1
30	50	28	48	7.01831421329465e-02	0.00000000000000e+00	0.00000000000000e+00	0.00000000000000e+00	4.93257000000000e-01	1.10698000000000e+02	5.46024000000000e+01	0.00000000000000e+00	1
30	50	29	49	7.02782902957391e-02	0.00000000000000e+00	0.00000000000000e+00	0.00000000000000e+00	1.56521000000000e-01	2.29577000000000e+02	3.59337000000000e+01	0.00000000000000e+00	1
30	50	18	58	7.01727781166149e-02	0.00000000000000e+00	0.00000000000000e+00	0.00000000000000e+00	7.50411000000000e-01	7.71280000000000e+01	5.78777000000000e+01	0.00000000000000e+00	1
30	60	29	59	7.02736240132434e-02	0.00000000000000e+00	0.00000000000000e+00	0.00000000000000e+00	1.40990000000000e-01	2.59213000000000e+02	3.65465000000000e+01	0.00000000000000e+00	1
31	41	32	42	7.03300874731804e-02	0.00000000000000e+00	0.00000000000000e+00	0.00000000000000e+00	2.30038000000000e-01	1.31696000000000e+02	3.02950000000000e+01	0.00000000000000e+00	1
31	41	33	43	7.02821272393850e-02	0.00000000000000e+00	0.00000000000000e+00	0.00000000000000e+00	9.47422000000000e-01	3.74121000000000e+01	3.54450000000000e+01	0.00000000000000e+00	1
31	51	32	52	7.03686880604059e-02	0.00000000000000e+00	0.00000000000000e+00	0.00000000000000e+00	1.54338000000000e-01	1.75739000000000e+02	2.71232000000000e+01	0.00000000000000e+00	1
32	42	31	41	7.03364409260200e-02	0.00000000000000e+00	0.00000000000000e+00	0.00000000000000e+00	2.30038000000000e-01	1.29209000000000e+02	2.97229000000000e+01	0.00000000000000e+00	1
32	42	33	43	7.04723777132195e-02	0.00000000000000e+00	0.00000000000000e+00	0.00000000000000e+00	2.33721000000000e-01	9.05760000000000e+01	2.11695000000000e+01	0.00000000000000e+00	1
32	52	31	51	7.03745641010274e-02	0.00000000000000e+00	0.00000000000000e+00	0.00000000000000e+00	1.54338000000000e-01	1.72982000000000e+02	2.66977000000000e+01	0.00000000000000e+00	1
32	52	33	53	7.04999125153098e-02	0.00000000000000e+00	0.00000000000000e+00	0.00000000000000e+00	1.64977000000000e-01	1.21251000000000e+02	2.00035000000000e+01	0.00000000000000e+00	1
33	43	31	41	7.02858735581253e-02	0.00000000000000e+00	0.00000000000000e+00	0.00000000000000e+00	9.47422000000000e-01	3.69218000000000e+01	3.49805000000000e+01	0.00000000000000e+00	1
33	43	32	42	7.04585578356070e-02	0.00000000000000e+00	0.00000000000000e+00	0.00000000000000e+00	2.33721000000000e-01	9.33061000000000e+01	2.18075000000000e+01	0.00000000000000e+00	1
33	43	23	53	7.03650874201828e-02	0.00000000000000e+00	0.00000000000000e+00	0.00000000000000e+00	4.21472000000000e-01	6.49882000000000e+01	2.73907000000000e+01	0.00000000000000e+00	1
33	53	32	52	7.05131231238936e-02	0.00000000000000e+00	0.00000000000000e+00	0.00000000000000e+00	1.64977000000000e-01	1.18129000000000e+02	1.94885000000000e+01	0.00000000000000e+00	1
34	44	35	45	7.03289095005509e-02	0.00000000000000e+00	0.00000000000000e+00	0.00000000000000e+00	2.49834000000000e-01	1.21695000000000e+02	3.04035000000000e+01	0.00000000000000e+00	1
34	44	38	48	7.01055837992219e-02	0.00000000000000e+00	0.00000000000000e+00	0.00000000000000e+00	9.12020000000000e+00	1.03848000000000e+01	9.47115000000000e+01	0.00000000000000e+00	1
34	44	39	49	7.00683503639657e-02	0.00000000000000e+00	0.00000000000000e+00	0.00000000000000e+00	2.37623000000000e+01	6.15703000000000e+00	1.46305000000000e+02	0.00000000000000e+00	1
34	54	35	55	7.03570370211687e-02	0.00000000000000e+00	0.00000000000000e+00	0.00000000000000e+00	1.67536000000000e-01	1.67177000000000e+02	2.80083000000000e+01	0.00000000000000e+00	1
34	54	38	58	7.01203634494720e-02	0.00000000000000e+00	0.00000000000000e+00	0.00000000000000e+00	3.57953000000000e+00	2.32102000000000e+01	8.30817000000000e+01	0.00000000000000e+00	1
35	45	34	44	7.03392222312682e-02	0.00000000000000e+00	0.00000000000000e+00	0.00000000000000e+00	2.49834000000000e-01	1.17995000000000e+02	2.94792000000000e+01	0.00000000000000e+00	1
35	45	36	46	7.03441641800805e-02	0.00000000000000e+00	0.00000000000000e+00	0.00000000000000e+00	2.33301000000000e-01	1.24543000000000e+02	2.90559000000000e+01	0.00000000000000e+00	1
35	45	39	49	7.01049038346548e-02	0.00000000000000e+00	0.00000000000000e+00	0.00000000000000e+00	8.67277000000000e+00	1.09913000000000e+01	9.53254000000000e+01	0.00000000000000e+00	1
35	45	40	50	7.00676452682135e-02	0.00000000000000e+00	0.00000000000000e+00	0.00000000000000e+00	2.17640000000000e+01	6.79242000000000e+00	1.47830000000000e+02	0.00000000000000e+00	1
35	55	34	54	7.03740876936371e-02	0.00000000000000e+00	0.00000000000000e+00	0.00000000000000e+00	1.67536000000000e-01	1.59557000000000e+02	2.67317000000000e+01	0.00000000000000e+00	1
35	55	36	56	7.03911307197979e-02	0.00000000000000e+00	0.00000000000000e+00	0.00000000000000e+00	1.51081000000000e-01	1.69226000000000e+02	2.55669000000000e+01	0.00000000000000e+00	1
35	55	37	57	7.03299937961166e-02	0.00000000000000e+00	0.00000000000000e+00	0.00000000000000e+00	4.96533000000000e-01	6.10304000000000e+01	3.03036000000000e+01	0.00000000000000e+00	1
35	55	38	58	7.01674581856910e-02	0.00000000000000e+00	0.00000000000000e+00	0.00000000000000e+00	1.36546000000000e+00	4.37336000000000e+01	5.97164000000000e+01	0.00000000000000e+00	1
35	55	39	59	7.01135680937255e-02	0.00000000000000e+00	0.00000000000000e+00	0.00000000000000e+00	3.44106000000000e+00	2.55889000000000e+01	8.80529000000000e+01	0.00000000000000e+00	1
35	55	40	60	7.00747697092954e-02	0.00000000000000e+00	0.00000000000000e+00	0.00000000000000e+00	7.88927000000000e+00	1.69526000000000e+01	1.33744000000000e+02	0.00000000000000e+00	1
36	46	35	45	7.03523608174771e-02	0.00000000000000e+00	0.00000000000000e+00	0.00000000000000e+00	2.33301000000000e-01	1.21646000000000e+02	2.83800000000000e+01	0.00000000000000e+00	1
36	46	38	48	7.02221422510119e-02	0.00000000000000e+00	0.00000000000000e+00	0.00000000000000e+00	9.78943000000000e-01	4.59845000000000e+01	4.50162000000000e+01	0.00000000000000e+00	1
36	46	40	50	7.00993482753139e-02	0.00000000000000e+00	0.00000000000000e+00	0.00000000000000e+00	8.33847000000000e+00	1.20712000000000e+01	1.00656000000000e+02	0.00000000000000e+00	1
36	56	35	55	7.04004661425900e-02	0.00000000000000e+00	0.00000000000000e+00	0.00000000000000e+00	1.51081000000000e-01	1.65281000000000e+02	2.49709000000000e+01	0.00000000000000e+00	1
36	56	37	57	7.05372473594292e-02	0.00000000000000e+00	0.00000000000000e+00	0.00000000000000e+00	1.62765000000000e-01	1.14358000000000e+02	1.86134000000000e+01	0.00000000000000e+00	1
36	56	38	58	7.02231057208769e-02	0.00000000000000e+00	0.00000000000000e+00	0.00000000000000e+00	5.28908000000000e-01	8.47441000000000e+01	4.48218000000000e+01	0.00000000000000e+00	1
36	56	39	59	7.01511692944929e-02	0.00000000000000e+00	0.00000000000000e+00	0.00000000000000e+00	1.39489000000000e+00	4.74237000000000e+01	6.61510000000000e+01	0.00000000000000e+00	1
36	56	40	60	7.01011762753775e-02	0.00000000000000e+00	0.00000000000000e+00	0.00000000000000e+00	3.28362000000000e+00	3.01001000000000e+01	9.88374000000000e+01	0.00000000000000e+00	1
37	47	24	54	7.01731868634300e-02	0.00000000000000e+00	0.00000000000000e+00	0.00000000000000e+00	2.45558000000000e+00	2.35143000000000e+01	5.77411000000000e+01	0.00000000000000e+00	1
37	57	35	55	7.03156934364178e-02	0.00000000000000e+00	0.00000000000000e+00	0.00000000000000e+00	4.96533000000000e-01	6.37951000000000e+01	3.16763000000000e+01	0.00000000000000e+00	1
37	57	36	56	7.05326458650702e-02	0.00000000000000e+00	0.00000000000000e+00	0.00000000000000e+00	1.62765000000000e-01	1.15346000000000e+02	1.87742000000000e+01	0.00000000000000e+00	1
37	57	38	58	7.04612184468930e-02	0.00000000000000e+00	0.00000000000000e+00	0.00000000000000e+00	1.65982000000000e-01	1.30627000000000e+02	2.16817000000000e+01	0.00000000000000e+00	1
38	48	34	44	7.01089281901799e-02	0.00000000000000e+00	0.00000000000000e+00	0.00000000000000e+00	9.12020000000000e+00	1.00660000000000e+01	9.18036000000000e+01	0.00000000000000e+00	1
38	48	36	46	7.02311630971232e-02	0.00000000000000e+00	0.00000000000000e+00	0.00000000000000e+00	9.78943000000000e-01	4.41900000000000e+01	4.32595000000000e+01	0.00000000000000e+00	1
38	48	39	49	7.03604499857622e-02	0.00000000000000e+00	0.00000000000000e+00	0.00000000000000e+00	2.33761000000000e-01	1.18682000000000e+02	2.77431000000000e+01	0.00000000000000e+00	1
38	48	40	50	7.02025017060769e-02	0.00000000000000e+00	0.00000000000000e+00	0.00000000000000e+00	9.50864000000000e-01	5.19342000000000e+01	4.93823000000000e+01	0.00000000000000e+00	1
38	58	34	54	7.01145436010217e-02	0.00000000000000e+00	0.00000000000000e+00	0.00000000000000e+00	3.57953000000000e+00	2.43895000000000e+01	8.73030000000000e+01	0.00000000000000e+00	1
38	58	35	55	7.01677821382491e-02	0.00000000000000e+00	0.00000000000000e+00	0.00000000000000e+00	1.36546000000000e+00	4.36492000000000e+01	5.96011000000000e+01	0.00000000000000e+00	1
38	58	36	56	7.02198662333836e-02	0.00000000000000e+00	0.00000000000000e+00	0.00000000000000e+00	5.28908000000000e-01	8.59926000000000e+01	4.54822000000000e+01	0.00000000000000e+00	1
38	58	37	57	7.04540954871991e-02	0.00000000000000e+00	0.00000000000000e+00	0.00000000000000e+00	1.65982000000000e-01	1.32676000000000e+02	2.20218000000000e+01	0.00000000000000e+00	1
38	58	39	59	7.03292311136572e-02	0.00000000000000e+00	0.00000000000000e+00	0.00000000000000e+00	1.52490000000000e-01	1.99185000000000e+02	3.03738000000000e+01	0.00000000000000e+00	1
39	49	34	44	7.00685654731703e-02	0.00000000000000e+00	0.00000000000000e+00	0.00000000000000e+00	2.37623000000000e+01	6.13770000000000e+00	1.45846000000000e+02	0.00000000000000e+00	1
39	49	35	45	7.01042969291855e-02	0.00000000000000e+00	0.00000000000000e+00	0.00000000000000e+00	8.67277000000000e+00	1.10553000000000e+01	9.58801000000000e+01	0.00000000000000e+00	1
39	49	38	48	7.03583612855136e-02	0.00000000000000e+00	0.00000000000000e+00	0.00000000000000e+00	2.33761000000000e-01	1.19373000000000e+02	2.79048000000000e+01	0.00000000000000e+00	1
39	49	40	50	7.03036191401506e-02	0.00000000000000e+00	0.00000000000000e+00	0.00000000000000e+00	2.41611000000000e-01	1.36319000000000e+02	3.29360000000000e+01	0.00000000000000e+00	1
39	59	35	55	7.01118799751626e-02	0.00000000000000e+00	0.00000000000000e+00	0.00000000000000e+00	3.44106000000000e+00	2.59750000000000e+01	8.93815000000000e+01	0.00000000000000e+00	1
39	59	36	56	7.01508641498503e-02	0.00000000000000e+00	0.00000000000000e+00	0.00000000000000e+00	1.39489000000000e+00	4.75197000000000e+01	6.62848000000000e+01	0.00000000000000e+00	1
39	59	38	58	7.03298664370796e-02	0.00000000000000e+00	0.00000000000000e+00	0.00000000000000e+00	1.52490000000000e-01	1.98802000000000e+02	3.03153000000000e+01	0.00000000000000e+00	1
39	59	40	60	7.02684563758389e-02	0.00000000000000e+00	0.00000000000000e+00	0.00000000000000e+00	1.56854000000000e-01	2.37482000000000e+02	3.72500000000000e+01	0.00000000000000e+00	1
40	50	35	45	7.00666795580479e-02	0.00000000000000e+00	0.00000000000000e+00	0.00000000000000e+00	2.17640000000000e+01	6.89081000000000e+00	1.49971000000000e+02	0.00000000000000e+00	1
40	50	36	46	7.00995321986663e-02	0.00000000000000e+00	0.00000000000000e+00	0.00000000000000e+00	8.33847000000000e+00	1.20489000000000e+01	1.00470000000000e+02	0.00000000000000e+00	1
40	50	38	48	7.02015966454318e-02	0.00000000000000e+00	0.00000000000000e+00	0.00000000000000e+00	9.50864000000000e-01	5.21673000000000e+01	4.96040000000000e+01	0.00000000000000e+00	1
40	50	39	49	7.03039984921675e-02	0.00000000000000e+00	0.00000000000000e+00	0.00000000000000e+00	2.41611000000000e-01	1.36149000000000e+02	3.28949000000000e+01	0.00000000000000e+00	1
40	60	35	55	7.00716861294508e-02	0.00000000000000e+00	0.00000000000000e+00	0.00000000000000e+00	7.88927000000000e+00	1.76819000000000e+01	1.39497000000000e+02	0.00000000000000e+00	1
40	60	36	56	7.01002902399544e-02	0.00000000000000e+00	0.00000000000000e+00	0.00000000000000e+00	3.28362000000000e+00	3.03660000000000e+01	9.97106000000000e+01	0.00000000000000e+00	1
40	60	38	58	7.01922038283159e-02	0.00000000000000e+00	0.00000000000000e+00	0.00000000000000e+00	4.64787000000000e-01	1.11940000000000e+02	5.20281000000000e+01	0.00000000000000e+00	1
40	60	39	59	7.02692877339437e-02	0.00000000000000e+00	0.00000000000000e+00	0.00000000000000e+00	1.56854000000000e-01	2.36748000000000e+02	3.71350000000000e+01	0.00000000000000e+00	1
40	60	23	3	7.00334870388416e-02	0.00000000000000e+00	0.00000000000000e+00	0.00000000000000e+00	5.04397000000000e+01	5.92041000000000e+00	2.98623000000000e+02	0.00000000000000e+00	1
41	51	42	52	7.04353144493925e-02	0.00000000000000e+00	0.00000000000000e+00	0.00000000000000e+00	2.34630000000000e-01	9.79065000000000e+01	2.29719000000000e+01	0.00000000000000e+00	1
41	51	43	53	7.02656409384563e-02	0.00000000000000e+00	0.00000000000000e+00	0.00000000000000e+00	1.00685000000000e+00	3.73885000000000e+01	3.76448000000000e+01	0.00000000000000e+00	1
41	51	44	54	7.01781632438538e-02	0.00000000000000e+00	0.00000000000000e+00	0.00000000000000e+00	3.13622000000000e+00	1.78968000000000e+01	5.61283000000000e+01	0.00000000000000e+00	1
41	51	45	55	7.01307940112038e-02	0.00000000000000e+00	0.00000000000000e+00	0.00000000000000e+00	8.81743000000000e+00	8.67102000000000e+00	7.64561000000000e+01	0.00000000000000e+00	1
41	51	46	56	7.00946315520521e-02	0.00000000000000e+00	0.00000000000000e+00	0.00000000000000e+00	2.27173000000000e+01	4.65165000000000e+00	1.05673000000000e+02	0.00000000000000e+00	1
41	51	47	57	7.00726311355152e-02	0.00000000000000e+00	0.00000000000000e+00	0.00000000000000e+00	5.78942000000000e+01	2.37816000000000e+00	1.37682000000000e+02	0.00000000000000e+00	1
42	52	41	51	7.04416336913510e-02	0.00000000000000e+00	0.00000000000000e+00	0.00000000000000e+00	2.34630000000000e-01	9.65060000000000e+01	2.26432000000000e+01	0.00000000000000e+00	1
42	52	43	53	7.03613134466412e-02	0.00000000000000e+00	0.00000000000000e+00	0.00000000000000e+00	2.65029000000000e-01	1.04429000000000e+02	2.76768000000000e+01	0.00000000000000e+00	1
42	52	44	54	7.02313534873068e-02	0.00000000000000e+00	0.00000000000000e+00	0.00000000000000e+00	1.01394000000000e+00	4.26296000000000e+01	4.32239000000000e+01	0.00000000000000e+00	1
42	52	45	55	7.01628343600040e-02	0.00000000000000e+00	0.00000000000000e+00	0.00000000000000e+00	3.26678000000000e+00	1.87989000000000e+01	6.14121000000000e+01	0.00000000000000e+00	1
42	52	46	56	7.01163170756957e-02	0.00000000000000e+00	0.00000000000000e+00	0.00000000000000e+00	9.05689000000000e+00	9.49243000000000e+00	8.59719000000000e+01	0.00000000000000e+00	1
42	52	47	57	7.00876209168653e-02	0.00000000000000e+00	0.00000000000000e+00	0.00000000000000e+00	2.41706000000000e+01	4.72175000000000e+00	1.14128000000000e+02	0.00000000000000e+00	1
43	53	41	51	7.02650748041097e-02	0.00000000000000e+00	0.00000000000000e+00	0.00000000000000e+00	1.00685000000000e+00	3.74684000000000e+01	3.77252000000000e+01	0.00000000000000e+00	1
43	53	42	52	7.03588164797233e-02	0.00000000000000e+00	0.00000000000000e+00	0.00000000000000e+00	2.65029000000000e-01	1.05156000000000e+02	2.78694000000000e+01	0.00000000000000e+00	1
43	53	44	54	7.03597963552629e-02	0.00000000000000e+00	0.00000000000000e+00	0.00000000000000e+00	2.43560000000000e-01	1.14114000000000e+02	2.77935000000000e+01	0.00000000000000e+00	1
43	53	45	55	7.02384813507584e-02	0.00000000000000e+00	0.00000000000000e+00	0.00000000000000e+00	1.01819000000000e+00	4.11830000000000e+01	4.19320000000000e+01	0.00000000000000e+00	1
43	53	46	56	7.01654049029321e-02	0.00000000000000e+00	0.00000000000000e+00	0.00000000000000e+00	3.20025000000000e+00	1.88915000000000e+01	6.04577000000000e+01	0.00000000000000e+00	1
43	53	47	57	7.01227677749323e-02	0.00000000000000e+00	0.00000000000000e+00	0.00000000000000e+00	9.24779000000000e+00	8.80800000000000e+00	8.14546000000000e+01	0.00000000000000e+00	1
43	53	49	59	7.00579932031966e-02	0.00000000000000e+00	0.00000000000000e+00	0.00000000000000e+00	6.36014000000000e+01	2.71117000000000e+00	1.72434000000000e+02	0.00000000000000e+00	1
43	53	50	60	7.00335446647211e-02	0.00000000000000e+00	0.00000000000000e+00	0.00000000000000e+00	1.46935000000000e+02	2.02885000000000e+00	2.98110000000000e+02	0.00000000000000e+00	1
44	54	41	51	7.01822692152764e-02	0.00000000000000e+00	0.00000000000000e+00	0.00000000000000e+00	3.13622000000000e+00	1.74936000000000e+01	5.48639000000000e+01	0.00000000000000e+00	1
44	54	42	52	7.02358312580183e-02	0.00000000000000e+00	0.00000000000000e+00	0.00000000000000e+00	1.01394000000000e+00	4.18203000000000e+01	4.24032000000000e+01	0.00000000000000e+00	1
44	54	43	53	7.03633549287279e-02	0.00000000000000e+00	0.00000000000000e+00	0.00000000000000e+00	2.43560000000000e-01	1.12996000000000e+02	2.75213000000000e+01	0.00000000000000e+00	1
44	54	45	55	7.03877291479264e-02	0.00000000000000e+00	0.00000000000000e+00	0.00000000000000e+00	2.30670000000000e-01	1.11810000000000e+02	2.57912000000000e+01	0.00000000000000e+00	1
44	54	46	56	7.02575334986699e-02	0.00000000000000e+00	0.00000000000000e+00	0.00000000000000e+00	9.16789000000000e-01	4.23542000000000e+01	3.88299000000000e+01	0.00000000000000e+00	1
44	54	47	57	7.01832552360602e-02	0.00000000000000e+00	0.00000000000000e+00	0.00000000000000e+00	3.08391000000000e+00	1.76946000000000e+01	5.45687000000000e+01	0.00000000000000e+00	1
44	54	49	59	7.00865448691874e-02	0.00000000000000e+00	0.00000000000000e+00	0.00000000000000e+00	2.41049000000000e+01	4.79351000000000e+00	1.15547000000000e+02	0.00000000000000e+00	1
44	54	50	60	7.00534216571398e-02	0.00000000000000e+00	0.00000000000000e+00	0.00000000000000e+00	5.72894000000000e+01	3.26745000000000e+00	1.87190000000000e+02	0.00000000000000e+00	1
45	55	41	51	7.01339907814342e-02	0.00000000000000e+00	0.00000000000000e+00	0.00000000000000e+00	8.81743000000000e+00	8.46414000000000e+00	7.46320000000000e+01	0.00000000000000e+00	1
45	55	42	52	7.01663085489247e-02	0.00000000000000e+00	0.00000000000000e+00	0.00000000000000e+00	3.26678000000000e+00	1.84062000000000e+01	6.01292000000000e+01	0.00000000000000e+00	1
45	55	43	53	7.02397316922900e-02	0.00000000000000e+00	0.00000000000000e+00	0.00000000000000e+00	1.01819000000000e+00	4.09683000000000e+01	4.17133000000000e+01	0.00000000000000e+00	1
45	55	44	54	7.03929242206348e-02	0.00000000000000e+00	0.00000000000000e+00	0.00000000000000e+00	2.30670000000000e-01	1.10332000000000e+02	2.54502000000000e+01	0.00000000000000e+00	1
45	55	46	56	7.04083265959445e-02	0.00000000000000e+00	0.00000000000000e+00	0.00000000000000e+00	2.05022000000000e-01	1.19451000000000e+02	2.44902000000000e+01	0.00000000000000e+00	1
45	55	47	57	7.02616047884140e-02	0.00000000000000e+00	0.00000000000000e+00	0.00000000000000e+00	9.13004000000000e-01	4.18679000000000e+01	3.82256000000000e+01	0.00000000000000e+00	1
45	55	48	58	7.01624080567389e-02	0.00000000000000e+00	0.00000000000000e+00	0.00000000000000e+00	3.21533000000000e+00	1.91499000000000e+01	6.15733000000000e+01	0.00000000000000e+00	1
45	55	49	59	7.01222673252800e-02	0.00000000000000e+00	0.00000000000000e+00	0.00000000000000e+00	9.10912000000000e+00	8.97870000000000e+00	8.17880000000000e+01	0.00000000000000e+00	1
45	55	50	60	7.00716045139486e-02	0.00000000000000e+00	0.00000000000000e+00	0.00000000000000e+00	2.26603000000000e+01	6.16305000000000e+00	1.39656000000000e+02	0.00000000000000e+00	1
46	56	41	51	7.00987537279532e-02	0.00000000000000e+00	0.00000000000000e+00	0.00000000000000e+00	2.27173000000000e+01	4.45749000000000e+00	1.01262000000000e+02	0.00000000000000e+00	1
46	56	42	52	7.01206311906419e-02	0.00000000000000e+00	0.00000000000000e+00	0.00000000000000e+00	9.05689000000000e+00	9.15296000000000e+00	8.28973000000000e+01	0.00000000000000e+00	1
46	56	43	53	7.01711347086860e-02	0.00000000000000e+00	0.00000000000000e+00	0.00000000000000e+00	3.20025000000000e+00	1.82590000000000e+01	5.84335000000000e+01	0.00000000000000e+00	1
46	56	44	54	7.02627430373095e-02	0.00000000000000e+00	0.00000000000000e+00	0.00000000000000e+00	9.16789000000000e-01	4.15145000000000e+01	3.80600000000000e+01	0.00000000000000e+00	1
46	56	45	55	7.04175103855708e-02	0.00000000000000e+00	0.00000000000000e+00	0.00000000000000e+00	2.05022000000000e-01	1.16824000000000e+02	2.39515000000000e+01	0.00000000000000e+00	1
46	56	47	57	7.04060798271724e-02	0.00000000000000e+00	0.00000000000000e+00	0.00000000000000e+00	2.17704000000000e-01	1.13116000000000e+02	2.46257000000000e+01	0.00000000000000e+00	1
46	56	49	59	7.01668429640654e-02	0.00000000000000e+00	0.00000000000000e+00	0.00000000000000e+00	3.14781000000000e+00	1.90408000000000e+01	5.99366000000000e+01	0.00000000000000e+00	1
46	56	50	60	7.01029844905357e-02	0.00000000000000e+00	0.00000000000000e+00	0.00000000000000e+00	8.49216000000000e+00	1.14343000000000e+01	9.71020000000000e+01	0.00000000000000e+00	1
47	57	41	51	7.00742897896113e-02	0.00000000000000e+00	0.00000000000000e+00	0.00000000000000e+00	5.78942000000000e+01	2.32506000000000e+00	1.34608000000000e+02	0.00000000000000e+00	1
47	57	42	52	7.00887673762139e-02	0.00000000000000e+00	0.00000000000000e+00	0.00000000000000e+00	2.41706000000000e+01	4.66079000000000e+00	1.12654000000000e+02	0.00000000000000e+00	1
47	57	43	53	7.01250531475877e-02	0.00000000000000e+00	0.00000000000000e+00	0.00000000000000e+00	9.24779000000000e+00	8.64704000000000e+00	7.99660000000000e+01	0.00000000000000e+00	1
47	57	44	54	7.01833819295447e-02	0.00000000000000e+00	0.00000000000000e+00	0.00000000000000e+00	3.08391000000000e+00	1.76824000000000e+01	5.45310000000000e+01	0.00000000000000e+00	1
47	57	45	55	7.02613313263088e-02	0.00000000000000e+00	0.00000000000000e+00	0.00000000000000e+00	9.13004000000000e-01	4.19118000000000e+01	3.82656000000000e+01	0.00000000000000e+00	1
47	57	46	56	7.04071777290069e-02	0.00000000000000e+00	0.00000000000000e+00	0.00000000000000e+00	2.17704000000000e-01	1.12811000000000e+02	2.45593000000000e+01	0.00000000000000e+00	1
47	57	48	58	7.03892216734197e-02	0.00000000000000e+00	0.00000000000000e+00	0.00000000000000e+00	2.20356000000000e-01	1.16595000000000e+02	2.56923000000000e+01	0.00000000000000e+00	1
47	57	49	59	7.02372248488285e-02	0.00000000000000e+00	0.00000000000000e+00	0.00000000000000e+00	9.47778000000000e-01	4.44768000000000e+01	4.21541000000000e+01	0.00000000000000e+00	1
47	57	50	60	7.01399266784205e-02	0.00000000000000e+00	0.00000000000000e+00	0.00000000000000e+00	2.95353000000000e+00	2.41968000000000e+01	7.14660000000000e+01	0.00000000000000e+00	1
48	58	45	55	7.01655930715859e-02	0.00000000000000e+00	0.00000000000000e+00	0.00000000000000e+00	3.21533000000000e+00	1.87816000000000e+01	6.03890000000000e+01	0.00000000000000e+00	1
48	58	47	57	7.03932162335390e-02	0.00000000000000e+00	0.00000000000000e+00	0.00000000000000e+00	2.20356000000000e-01	1.15410000000000e+02	2.54313000000000e+01	0.00000000000000e+00	1
48	58	49	59	7.03467598757213e-02	0.00000000000000e+00	0.00000000000000e+00	0.00000000000000e+00	2.29546000000000e-01	1.25632000000000e+02	2.88384000000000e+01	0.00000000000000e+00	1
48	58	50	60	7.01876637366102e-02	0.00000000000000e+00	0.00000000000000e+00	0.00000000000000e+00	9.41403000000000e-01	5.66036000000000e+01	5.32868000000000e+01	0.00000000000000e+00	1
49	59	43	53	7.00582306048413e-02	0.00000000000000e+00	0.00000000000000e+00	0.00000000000000e+00	6.36014000000000e+01	2.70012000000000e+00	1.71731000000000e+02	0.00000000000000e+00	1
49	59	44	54	7.00865448691874e-02	0.00000000000000e+00	0.00000000000000e+00	0.00000000000000e+00	2.41049000000000e+01	4.79349000000000e+00	1.15547000000000e+02	0.00000000000000e+00	1
49	59	45	55	7.01169902617306e-02	0.00000000000000e+00	0.00000000000000e+00	0.00000000000000e+00	9.10912000000000e+00	9.38369000000000e+00	8.54772000000000e+01	0.00000000000000e+00	1
49	59	46	56	7.01647992168741e-02	0.00000000000000e+00	0.00000000000000e+00	0.00000000000000e+00	3.14781000000000e+00	1.92769000000000e+01	6.06799000000000e+01	0.00000000000000e+00	1
49	59	47	57	7.02404158232078e-02	0.00000000000000e+00	0.00000000000000e+00	0.00000000000000e+00	9.47778000000000e-01	4.38864000000000e+01	4.15946000000000e+01	0.00000000000000e+00	1
49	59	48	58	7.03486227657639e-02	0.00000000000000e+00	0.00000000000000e+00	0.00000000000000e+00	2.29546000000000e-01	1.24961000000000e+02	2.86843000000000e+01	0.00000000000000e+00	1
49	59	50	60	7.03041825095057e-02	0.00000000000000e+00	0.00000000000000e+00	0.00000000000000e+00	2.23152000000000e-01	1.47321000000000e+02	3.28750000000000e+01	0.00000000000000e+00	1
50	60	43	53	7.00349524471956e-02	0.00000000000000e+00	0.00000000000000e+00	0.00000000000000e+00	1.46935000000000e+02	1.94714000000000e+00	2.86103000000000e+02	0.00000000000000e+00	1
50	60	44	54	7.00550654728472e-02	0.00000000000000e+00	0.00000000000000e+00	0.00000000000000e+00	5.72894000000000e+01	3.16990000000000e+00	1.81602000000000e+02	0.00000000000000e+00	1
50	60	45	55	7.00729235032451e-02	0.00000000000000e+00	0.00000000000000e+00	0.00000000000000e+00	2.26603000000000e+01	6.05157000000000e+00	1.37130000000000e+02	0.00000000000000e+00	1
50	60	46	56	7.01017738158362e-02	0.00000000000000e+00	0.00000000000000e+00	0.00000000000000e+00	8.49216000000000e+00	1.15703000000000e+01	9.82571000000000e+01	0.00000000000000e+00	1
50	60	47	57	7.01429247258347e-02	0.00000000000000e+00	0.00000000000000e+00	0.00000000000000e+00	2.95353000000000e+00	2.36893000000000e+01	6.99669000000000e+01	0.00000000000000e+00	1
50	60	48	58	7.01878262306844e-02	0.00000000000000e+00	0.00000000000000e+00	0.00000000000000e+00	9.41403000000000e-01	5.65547000000000e+01	5.32407000000000e+01	0.00000000000000e+00	1
50	60	49	59	7.03059104967069e-02	0.00000000000000e+00	0.00000000000000e+00	0.00000000000000e+00	2.23152000000000e-01	1.46488000000000e+02	3.26893000000000e+01	0.00000000000000e+00	1
56	46	6	36	7.03339589497659e-02	0.00000000000000e+00	0.00000000000000e+00	0.00000000000000e+00	4.36402000000000e-01	6.86151000000000e+01	2.99438000000000e+01	0.00000000000000e+00	1
57	47	6	36	7.03121537044841e-02	0.00000000000000e+00	0.00000000000000e+00	0.00000000000000e+00	5.60721000000000e-01	5.71326000000000e+01	3.20355000000000e+01	0.00000000000000e+00	1
58	48	6	36	7.02186031260247e-02	0.00000000000000e+00	0.00000000000000e+00	0.00000000000000e+00	1.11259000000000e+00	4.11158000000000e+01	4.57450000000000e+01	0.00000000000000e+00	1
59	49	6	36	7.01662217464586e-02	0.00000000000000e+00	0.00000000000000e+00	0.00000000000000e+00	2.46153000000000e+00	2.44404000000000e+01	6.01606000000000e+01	0.00000000000000e+00	1
60	50	6	36	7.01061094646459e-02	0.00000000000000e+00	0.00000000000000e+00	0.00000000000000e+00	5.39383000000000e+00	1.74722000000000e+01	9.42423000000000e+01	0.00000000000000e+00	1
0
